17	17
135	240
2160	3840
0	0	-135.997	-6.26783
240	0	124.665	-8.47007
480	0	384.34	-17.3415
720	0	646.718	-22.275
960	0	906.775	-23.3101
1200	0	1164.89	-22.3014
1440	0	1419.33	-22.4102
1680	0	1669.36	-20.7025
1920	0	1914	-20.4988
2160	0	2157.28	-25.0354
2400	0	2399.41	-29.5159
2640	0	2641.72	-35.4102
2880	0	2883.36	-41.6579
3120	0	3125.79	-50.0649
3360	0	3371.18	-59.3703
3600	0	3617.86	-63.2744
3839	0	3861.9	-64.431
0	135	-134.677	140.204
240	135	125.75	137.3
480	135	383.6	125.225
720	135	648.241	122.335
960	135	907.314	120.36
1200	135	1165.39	120.099
1440	135	1419.67	118.468
1680	135	1669.65	118.074
1920	135	1915.32	116.805
2160	135	2159.72	111.69
2400	135	2402.21	106.966
2640	135	2645.06	100.791
2880	135	2887.16	94.7338
3120	135	3130.02	87.1304
3360	135	3374.5	78.0848
3600	135	3619.43	74.3307
3839	135	3862.54	73.1832
0	270	-133.077	285.164
240	270	123.048	280.512
480	270	380.493	267.194
720	270	648.923	266.385
960	270	908.866	263.814
1200	270	1166.72	262.041
1440	270	1420.34	260.088
1680	270	1670.46	258.041
1920	270	1916.64	255.216
2160	270	2161.51	250.114
2400	270	2404.66	244.907
2640	270	2647.75	238.444
2880	270	2890.21	231.977
3120	270	3132.77	225.018
3360	270	3376.52	215.712
3600	270	3620.87	210.197
3839	270	3863.17	209.543
0	405	-132.341	427.468
240	405	123.609	421.849
480	405	383.882	414.209
720	405	650.748	412.41
960	405	911.167	409.383
1200	405	1168.49	406.482
1440	405	1421.61	403.519
1680	405	1671.6	399.964
1920	405	1917.71	395.696
2160	405	2162.85	390.031
2400	405	2406.38	384.619
2640	405	2649.35	378.248
2880	405	2891.95	371.55
3120	405	3134.31	364.579
3360	405	3376.99	356.007
3600	405	3621.83	349.121
3839	405	3864.47	348.445
0	540	-132.444	572.062
240	540	126.986	567.831
480	540	389.141	563.235
720	540	653.272	559.667
960	540	913.583	555.53
1200	540	1170.56	551.486
1440	540	1423.37	547.382
1680	540	1672.91	542.809
1920	540	1918.65	537.835
2160	540	2163.9	531.81
2400	540	2407.48	525.771
2640	540	2649.77	519.598
2880	540	2891.84	512.895
3120	540	3134.16	505.673
3360	540	3375.85	497.552
3600	540	3620.6	490.034
3839	540	3864.44	488.186
0	675	-132.091	719.452
240	675	129.264	715.721
480	675	392.088	711.436
720	675	655.68	707.152
960	675	916.173	702.11
1200	675	1172.92	696.89
1440	675	1425.34	691.673
1680	675	1674.37	686.086
1920	675	1919.74	680.228
2160	675	2164.54	673.905
2400	675	2407.84	667.595
2640	675	2649.71	661.158
2880	675	2891.46	654.082
3120	675	3133.3	646.606
3360	675	3374.4	638.879
3600	675	3618.41	631.074
3839	675	3861.84	628.176
0	810	-130.348	868.065
240	810	131.923	864.194
480	810	395.074	859.415
720	810	658.374	853.812
960	810	918.817	848.3
1200	810	1175.22	841.955
1440	810	1427.13	835.576
1680	810	1675.42	829.021
1920	810	1920.79	822.343
2160	810	2165.02	815.657
2400	810	2408.02	808.847
2640	810	2649.72	802.004
2880	810	2890.98	794.804
3120	810	3132.07	787.157
3360	810	3372.59	779.543
3600	810	3615.85	771.329
3839	810	3858.73	768.209
0	945	-127.392	1016.72
240	945	134.877	1012.37
480	945	397.205	1006.48
720	945	660.954	999.645
960	945	921.342	993.298
1200	945	1177.11	985.922
1440	945	1428.58	978.434
1680	945	1676.25	971.162
1920	945	1921.54	963.987
2160	945	2165.22	956.955
2400	945	2407.99	949.771
2640	945	2649.56	942.483
2880	945	2890.15	934.973
3120	945	3130.81	927.119
3360	945	3371.28	919.368
3600	945	3613.81	911.583
3839	945	3856.25	907.887
0	1080	-124.351	1164.78
240	1080	137.608	1160.22
480	1080	399.059	1153.09
720	1080	663.452	1145.04
960	1080	923.435	1137.6
1200	1080	1178.34	1129.39
1440	1080	1429.62	1121.05
1680	1080	1677.08	1112.94
1920	1080	1922.33	1105.21
2160	1080	2165.71	1097.88
2400	1080	2408.14	1090.43
2640	1080	2649.46	1082.71
2880	1080	2889.56	1074.86
3120	1080	3130.03	1066.81
3360	1080	3370.49	1059.13
3600	1080	3613.12	1051.55
3839	1080	3855.14	1047.35
0	1215	-121.976	1312.78
240	1215	139.61	1307.85
480	1215	400.771	1300.32
720	1215	665.266	1290.91
960	1215	925.056	1281.94
1200	1215	1179.51	1272.59
1440	1215	1430.71	1263.38
1680	1215	1678.13	1254.58
1920	1215	1923.26	1246.33
2160	1215	2166.71	1238.74
2400	1215	2409.05	1230.96
2640	1215	2650.21	1222.81
2880	1215	2889.88	1214.57
3120	1215	3129.76	1206.26
3360	1215	3369.89	1198.21
3600	1215	3612.65	1190.76
3839	1215	3855.3	1187.29
0	1350	-119.243	1461.15
240	1350	141.732	1455.57
480	1350	402.766	1447.47
720	1350	666.744	1436.19
960	1350	926.761	1425.97
1200	1350	1180.74	1415.72
1440	1350	1432.06	1405.76
1680	1350	1679.7	1396.37
1920	1350	1924.67	1387.51
2160	1350	2168.33	1379.37
2400	1350	2410.29	1371.1
2640	1350	2651.26	1362.44
2880	1350	2890.34	1353.89
3120	1350	3129.39	1345.46
3360	1350	3369.41	1336.89
3600	1350	3612.4	1330.68
3839	1350	3855.59	1328.58
0	1485	-115.378	1609.25
240	1485	144.923	1602.55
480	1485	405.053	1594.25
720	1485	668.155	1581.72
960	1485	928.457	1569.97
1200	1485	1182.45	1558.98
1440	1485	1433.7	1548.29
1680	1485	1681.21	1538.08
1920	1485	1926.21	1528.42
2160	1485	2169.82	1519.44
2400	1485	2411.48	1510.46
2640	1485	2652.24	1501.65
2880	1485	2891.29	1493.02
3120	1485	3130.13	1484.88
3360	1485	3370.3	1475.91
3600	1485	3613.14	1470.45
3839	1485	3855.64	1468
0	1620	-110.374	1756.69
240	1620	149.098	1749.02
480	1620	408.127	1740.66
720	1620	669.463	1727.17
960	1620	929.088	1713.79
1200	1620	1184.06	1702.1
1440	1620	1434.82	1690.63
1680	1620	1682.1	1679.7
1920	1620	1927.37	1669.26
2160	1620	2170.74	1659.6
2400	1620	2412.52	1650.05
2640	1620	2654.15	1640.75
2880	1620	2892.92	1631.97
3120	1620	3131.9	1624.09
3360	1620	3371.52	1615.49
3600	1620	3613.72	1609.29
3839	1620	3855.83	1605.76
0	1755	-104.694	1903.29
240	1755	154.029	1894.73
480	1755	412.414	1885.91
720	1755	672.137	1871.9
960	1755	930.797	1857.56
1200	1755	1185.52	1845.03
1440	1755	1436.15	1832.72
1680	1755	1683.14	1821.23
1920	1755	1928.25	1810.17
2160	1755	2171.59	1800.46
2400	1755	2413.31	1790.62
2640	1755	2656.16	1780.76
2880	1755	2895.25	1771.79
3120	1755	3134.56	1763.02
3360	1755	3373.7	1754.47
3600	1755	3615.21	1747.74
3839	1755	3856.35	1743.34
0	1890	-98.5636	2048.89
240	1890	160.654	2038.54
480	1890	419.118	2028.9
720	1890	677.886	2015.28
960	1890	935.69	2000.64
1200	1890	1190.03	1987.03
1440	1890	1440.03	1974
1680	1890	1686.84	1961.81
1920	1890	1930.74	1950.27
2160	1890	2173.51	1940.82
2400	1890	2415.04	1931.97
2640	1890	2658.56	1921.12
2880	1890	2898.74	1911.91
3120	1890	3137.63	1902.63
3360	1890	3376.14	1893.64
3600	1890	3616.88	1886.5
3839	1890	3857.22	1881.02
0	2025	-92.5056	2194.7
240	2025	167.012	2183.9
480	2025	426.212	2173.21
720	2025	685.254	2159.31
960	2025	942.744	2144.04
1200	2025	1196.82	2128.78
1440	2025	1446.58	2114.19
1680	2025	1692.72	2100.69
1920	2025	1935.78	2087.98
2160	2025	2178.06	2079.18
2400	2025	2419.27	2071.23
2640	2025	2662.82	2059.1
2880	2025	2903.75	2048.49
3120	2025	3142.14	2039.39
3360	2025	3379.26	2031.45
3600	2025	3618.87	2024.76
3839	2025	3858.8	2018.51
0	2159	-86.5267	2339.69
240	2159	173.148	2328.98
480	2159	433.305	2317.98
720	2159	693.591	2303.64
960	2159	951.674	2286.88
1200	2159	1205.68	2269.38
1440	2159	1454.96	2252.5
1680	2159	1700.21	2237.03
1920	2159	1941.94	2223.48
2160	2159	2182.99	2214.52
2400	2159	2424.98	2206.65
2640	2159	2668.84	2194.47
2880	2159	2909.36	2182.52
3120	2159	3146.9	2172.64
3360	2159	3383.21	2165.08
3600	2159	3622.22	2159.31
3839	2159	3861.98	2153.08
