17	17
135	240
2160	3840
0	0	-150.469	-235.788
240	0	132.67	-235.16
480	0	414.991	-229.776
720	0	693.877	-218.253
960	0	965.357	-200.366
1200	0	1226.56	-184.621
1440	0	1482.76	-176.915
1680	0	1739.13	-173.467
1920	0	1996.7	-173.397
2160	0	2256.81	-175.975
2400	0	2520.37	-179.269
2640	0	2786.59	-180.502
2880	0	3054.74	-181.153
3120	0	3325.61	-180.07
3360	0	3596.68	-173.148
3600	0	3863.99	-165.329
3839	0	4127.83	-160.284
0	135	-150.822	-76.5227
240	135	131.109	-76.8771
480	135	410.779	-72.9079
720	135	686.777	-64.4697
960	135	957.525	-50.2108
1200	135	1220.75	-37.8305
1440	135	1479.6	-32.0813
1680	135	1737.94	-28.3859
1920	135	1997.01	-27.3795
2160	135	2257.91	-28.5804
2400	135	2521.23	-30.5913
2640	135	2786.82	-30.3042
2880	135	3054.18	-29.8291
3120	135	3323.33	-28.573
3360	135	3593.13	-21.8715
3600	135	3860.74	-15.1932
3839	135	4124.98	-11.2537
0	270	-150.365	82.6832
240	270	130.091	79.409
480	270	408.434	82.4583
720	270	681.904	88.0963
960	270	952.354	101.506
1200	270	1216.49	111.859
1440	270	1476.83	115.331
1680	270	1736.72	120.542
1920	270	1996.86	122.258
2160	270	2258.4	121.816
2400	270	2521.69	120.217
2640	270	2787.1	121.944
2880	270	3054.32	122.702
3120	270	3322.38	123.114
3360	270	3591.26	128.919
3600	270	3858.59	134.655
3839	270	4122.63	137.354
0	405	-146.857	241.743
240	405	133.591	238.65
480	405	411.752	248.545
720	405	681.452	255.369
960	405	948.934	264.288
1200	405	1212.6	270.169
1440	405	1474.73	273.013
1680	405	1735.75	276.09
1920	405	1996.69	278.883
2160	405	2258.81	279.06
2400	405	2522.4	278.638
2640	405	2787.85	278.418
2880	405	3055.64	277.314
3120	405	3323.49	276.561
3360	405	3591	279.353
3600	405	3857.42	283.28
3839	405	4121.14	285.513
0	540	-139.741	399.844
240	540	139.01	395.378
480	540	414.879	405.181
720	540	682.305	410.764
960	540	948.142	415.417
1200	540	1211.07	419.659
1440	540	1473.39	423.558
1680	540	1734.56	426.152
1920	540	1995.65	428.178
2160	540	2258.1	429.118
2400	540	2521.7	429.626
2640	540	2787.07	429.354
2880	540	3054.9	428.02
3120	540	3323.39	426.957
3360	540	3590.28	429.277
3600	540	3856.45	432.453
3839	540	4120.45	433.866
0	675	-127.459	556.132
240	675	147.559	550.863
480	675	416.562	555.575
720	675	682.834	559.759
960	675	947.817	563.578
1200	675	1210.28	567.617
1440	675	1472.21	571.604
1680	675	1733.14	574.256
1920	675	1994.33	576.261
2160	675	2256.81	577.501
2400	675	2520.3	578.373
2640	675	2785.51	578.597
2880	675	3052.95	578.029
3120	675	3322.34	576.96
3360	675	3589.3	579.229
3600	675	3855.68	581.954
3839	675	4120.36	582.677
0	810	-118.132	706.129
240	810	150.684	701.702
480	810	416.568	704.282
720	810	682.717	708.107
960	810	947.193	711.596
1200	810	1209.4	715.421
1440	810	1470.85	719.249
1680	810	1731.62	721.924
1920	810	1992.78	724.112
2160	810	2255.18	725.486
2400	810	2518.48	726.628
2640	810	2783.47	727.505
2880	810	3050.61	727.839
3120	810	3320.41	727.587
3360	810	3588.37	729.081
3600	810	3855.2	731.628
3839	810	4120.71	732.104
0	945	-114.37	852.715
240	945	150.424	850.328
480	945	416.125	852.454
720	945	682.289	856.169
960	945	946.396	859.152
1200	945	1208.64	862.678
1440	945	1469.63	866.45
1680	945	1730.31	869.093
1920	945	1991.1	871.536
2160	945	2253.18	873.209
2400	945	2516.36	874.572
2640	945	2781.22	875.977
2880	945	3048.33	876.977
3120	945	3318.35	877.666
3360	945	3587.17	879.245
3600	945	3854.77	881.762
3839	945	4121.23	882.324
0	1080	-113.813	999.126
240	1080	149.579	998.44
480	1080	415.181	1000.17
720	1080	681.052	1003.77
960	1080	945.144	1006.44
1200	1080	1207.45	1009.36
1440	1080	1468.25	1012.89
1680	1080	1728.86	1015.71
1920	1080	1989.51	1018.37
2160	1080	2251.17	1020.34
2400	1080	2514	1022.19
2640	1080	2778.69	1024.2
2880	1080	3045.62	1025.78
3120	1080	3316.48	1027.16
3360	1080	3586.68	1029.42
3600	1080	3854.27	1032.47
3839	1080	4121.6	1033.4
0	1215	-114.931	1146.2
240	1215	148.378	1146.78
480	1215	414.11	1148.23
720	1215	679.354	1151.03
960	1215	943.709	1153.87
1200	1215	1206.21	1156.56
1440	1215	1466.9	1159.45
1680	1215	1727.47	1162.06
1920	1215	1988.27	1164.99
2160	1215	2249.6	1167.25
2400	1215	2512	1169.62
2640	1215	2776.31	1172.18
2880	1215	3042.86	1174.34
3120	1215	3314.95	1176.61
3360	1215	3586.47	1179.89
3600	1215	3853.09	1183.8
3839	1215	4121.46	1185.18
0	1350	-116.498	1293.89
240	1350	147.117	1294.97
480	1350	412.761	1296.1
720	1350	677.918	1298.31
960	1350	942.096	1300.91
1200	1350	1204.72	1303.77
1440	1350	1465.52	1306.32
1680	1350	1726.04	1308.71
1920	1350	1987	1311.64
2160	1350	2248.15	1314.15
2400	1350	2510.51	1316.83
2640	1350	2774.58	1319.89
2880	1350	3040.87	1322.94
3120	1350	3313.3	1325.79
3360	1350	3586.3	1330.37
3600	1350	3851.9	1335.31
3839	1350	4120.85	1337.41
0	1485	-118.026	1442.17
240	1485	145.982	1443.59
480	1485	411.112	1444.11
720	1485	676.65	1445.82
960	1485	940.649	1448.01
1200	1485	1203.15	1450.45
1440	1485	1463.98	1452.86
1680	1485	1724.41	1455.41
1920	1485	1985.68	1458.32
2160	1485	2246.77	1461.03
2400	1485	2509.25	1464.01
2640	1485	2773.47	1467.6
2880	1485	3039.91	1471.32
3120	1485	3312.13	1475.02
3360	1485	3585.59	1481.03
3600	1485	3850.69	1486.99
3839	1485	4119.68	1489.96
0	1620	-119.589	1590.83
240	1620	144.118	1592.32
480	1620	408.857	1592.11
720	1620	674.462	1593.33
960	1620	938.601	1594.96
1200	1620	1201.29	1596.78
1440	1620	1462.33	1599.15
1680	1620	1723.25	1602.44
1920	1620	1984.51	1605.81
2160	1620	2245.76	1608.9
2400	1620	2508.28	1612.35
2640	1620	2772.61	1616.17
2880	1620	3039.52	1620.05
3120	1620	3312.27	1624.9
3360	1620	3585.09	1631.72
3600	1620	3849.18	1638.5
3839	1620	4117.73	1642.64
0	1755	-121.065	1739.78
240	1755	141.921	1740.81
480	1755	406.271	1739.96
720	1755	672.201	1740.54
960	1755	936.039	1742.05
1200	1755	1199	1743.59
1440	1755	1460.3	1746.54
1680	1755	1722.36	1750.53
1920	1755	1983.37	1753.7
2160	1755	2244.46	1756.91
2400	1755	2506.86	1760.78
2640	1755	2771.1	1765.09
2880	1755	3038.95	1770.11
3120	1755	3312.03	1776.7
3360	1755	3583.24	1783.16
3600	1755	3846.58	1789.99
3839	1755	4114.74	1795.17
0	1890	-121.905	1888.6
240	1890	141.033	1888.97
480	1890	404.522	1888.48
720	1890	669.557	1888.56
960	1890	933.789	1889.97
1200	1890	1197.05	1891.38
1440	1890	1458.95	1893.95
1680	1890	1720.92	1897.64
1920	1890	1981.8	1900.7
2160	1890	2242.72	1904.42
2400	1890	2505.05	1909.2
2640	1890	2769.34	1913.92
2880	1890	3038.01	1919.69
3120	1890	3310.73	1927.76
3360	1890	3579.59	1934.7
3600	1890	3843.18	1941.02
3839	1890	4110.87	1947.14
0	2025	-122.183	2037.38
240	2025	141.195	2037.55
480	2025	404.202	2037.23
720	2025	667.807	2037.44
960	2025	932.426	2038.7
1200	2025	1195.6	2040.27
1440	2025	1458.36	2041.57
1680	2025	1719.22	2044.71
1920	2025	1979.9	2048.13
2160	2025	2240.63	2051.88
2400	2025	2502.36	2057.48
2640	2025	2766.83	2062.89
2880	2025	3036.12	2067.45
3120	2025	3308.46	2076.33
3360	2025	3575.63	2085.03
3600	2025	3839.16	2091.62
3839	2025	4106.55	2098.38
0	2159	-122.204	2184.67
240	2159	141.367	2184.67
480	2159	404.102	2184.23
720	2159	667.165	2185.05
960	2159	931.709	2186.44
1200	2159	1194.97	2187.4
1440	2159	1457.44	2187.67
1680	2159	1717.51	2190.29
1920	2159	1977.81	2193.77
2160	2159	2237.88	2197.78
2400	2159	2499.09	2204.37
2640	2159	2763.8	2211.11
2880	2159	3032.4	2215.93
3120	2159	3303.18	2225.26
3360	2159	3570.9	2233.45
3600	2159	3835.52	2240.46
3839	2159	4102.34	2247.97
